[array([[240., 237., 248., ...,  51.,  55.,  81.],
       [239., 238., 244., ...,  50.,  61., 100.],
       [241., 240., 244., ...,  51.,  56.,  80.],
       ...,
       [206., 205., 202., ..., 186., 190., 185.],
       [206., 206., 203., ..., 191., 195., 191.],
       [206., 205., 203., ..., 190., 194., 194.]]), array([[183., 183., 191., ..., 254., 254., 254.],
       [132., 131., 132., ..., 254., 254., 254.],
       [167., 168., 168., ..., 254., 253., 253.],
       ...,
       [218., 219., 219., ..., 154., 126., 129.],
       [221., 222., 222., ..., 178., 148., 130.],
       [227., 227., 229., ..., 197., 148., 133.]]), array([[249., 249., 248., ..., 202.,  70.,  55.],
       [249., 249., 248., ..., 188.,  61.,  50.],
       [249., 249., 248., ..., 108.,  48.,  59.],
       ...,
       [200., 203., 206., ..., 238., 240., 241.],
       [202., 205., 204., ..., 251., 255., 255.],
       [203., 205., 208., ..., 165., 169., 164.]]), array([[220., 218., 217., ..., 195., 217., 129.],
       [127., 124., 124., ..., 197., 220., 130.],
       [234., 235., 235., ..., 203., 222., 130.],
       ...,
       [200., 200., 202., ..., 123., 175., 168.],
       [202., 202., 204., ..., 153., 161., 185.],
       [200., 204., 206., ..., 208., 229., 226.]]), array([[246., 247., 247., ...,  72.,  40.,  31.],
       [248., 248., 248., ...,  78.,  50.,  29.],
       [231., 232., 233., ...,  60.,  49.,  27.],
       ...,
       [176., 178., 179., ..., 216., 237., 221.],
       [177., 179., 180., ..., 244., 244., 251.],
       [177., 179., 182., ..., 255., 255., 255.]]), array([[157., 157., 158., ..., 192., 126., 110.],
       [ 96., 100., 101., ..., 109.,  90.,  86.],
       [  5.,   9.,   6., ...,  78.,  50.,  48.],
       ...,
       [218., 218., 216., ...,  73.,  18.,  65.],
       [220., 216., 224., ...,  90.,  22.,  71.],
       [183., 225., 148., ...,  90.,  23.,  77.]]), array([[ 15.,  17.,  16., ..., 192., 127., 111.],
       [ 14.,  18.,  15., ..., 107.,  91.,  86.],
       [ 27.,  15.,  11., ...,  79.,  51.,  45.],
       ...,
       [218., 216., 216., ...,  79., 119., 124.],
       [219., 223., 224., ...,  76., 119., 123.],
       [221., 172., 141., ...,  72., 121., 124.]]), array([[238., 239., 238., ..., 157., 154., 158.],
       [237., 238., 237., ..., 108., 108., 108.],
       [236., 237., 237., ..., 132., 131., 123.],
       ...,
       [160., 162., 163., ...,  43.,  47.,  47.],
       [163., 165., 166., ...,  53.,  58.,  59.],
       [163., 165., 167., ...,  61.,  69.,  70.]]), array([[ 55., 105., 166., ..., 102.,  95.,  94.],
       [ 40.,  72., 144., ..., 108., 103.,  96.],
       [ 47.,  35.,  30., ...,  85.,  69.,  60.],
       ...,
       [ 36.,  34.,  33., ..., 134., 133., 135.],
       [ 53.,  50.,  51., ..., 139., 137., 140.],
       [ 57.,  57.,  56., ..., 144., 142., 141.]]), array([[197., 199., 200., ..., 194., 211., 206.],
       [255., 255., 255., ..., 198., 215., 207.],
       [253., 253., 253., ..., 199., 219., 203.],
       ...,
       [195., 196., 197., ..., 203., 209., 210.],
       [196., 196., 198., ...,  86.,  93., 103.],
       [196., 197., 198., ...,  92., 115., 150.]]), array([[240., 240., 240., ...,  42.,  32.,  17.],
       [239., 240., 240., ...,  40.,  30.,  18.],
       [239., 239., 240., ...,  37.,  26.,  20.],
       ...,
       [199., 199., 199., ..., 234., 234., 235.],
       [197., 197., 198., ..., 145., 156., 162.],
       [194., 195., 195., ...,  61.,  62.,  63.]]), array([[177., 177., 255., ..., 147., 124.,  85.],
       [184., 170., 255., ...,  59.,  50.,  50.],
       [193., 161., 255., ...,  15.,  13.,  31.],
       ...,
       [237., 239., 240., ...,  64.,  63.,  62.],
       [239., 241., 241., ...,  66.,  67.,  66.],
       [241., 242., 242., ...,  70.,  70.,  71.]])]