[array([[246., 247., 247., ...,  72.,  40.,  31.],
       [248., 248., 248., ...,  78.,  50.,  29.],
       [231., 232., 233., ...,  60.,  49.,  27.],
       ...,
       [176., 178., 179., ..., 216., 237., 221.],
       [177., 179., 180., ..., 244., 244., 251.],
       [177., 179., 182., ..., 255., 255., 255.]]), array([[240., 237., 248., ...,  51.,  55.,  81.],
       [239., 238., 244., ...,  50.,  61., 100.],
       [241., 240., 244., ...,  51.,  56.,  80.],
       ...,
       [206., 205., 202., ..., 186., 190., 185.],
       [206., 206., 203., ..., 191., 195., 191.],
       [206., 205., 203., ..., 190., 194., 194.]]), array([[183., 183., 191., ..., 254., 254., 254.],
       [132., 131., 132., ..., 254., 254., 254.],
       [167., 168., 168., ..., 254., 253., 253.],
       ...,
       [218., 219., 219., ..., 154., 126., 129.],
       [221., 222., 222., ..., 178., 148., 130.],
       [227., 227., 229., ..., 197., 148., 133.]]), array([[249., 249., 248., ..., 202.,  70.,  55.],
       [249., 249., 248., ..., 188.,  61.,  50.],
       [249., 249., 248., ..., 108.,  48.,  59.],
       ...,
       [200., 203., 206., ..., 238., 240., 241.],
       [202., 205., 204., ..., 251., 255., 255.],
       [203., 205., 208., ..., 165., 169., 164.]]), array([[220., 218., 217., ..., 195., 217., 129.],
       [127., 124., 124., ..., 197., 220., 130.],
       [234., 235., 235., ..., 203., 222., 130.],
       ...,
       [200., 200., 202., ..., 123., 175., 168.],
       [202., 202., 204., ..., 153., 161., 185.],
       [200., 204., 206., ..., 208., 229., 226.]]), array([[157., 157., 158., ..., 192., 126., 110.],
       [ 96., 100., 101., ..., 109.,  90.,  86.],
       [  5.,   9.,   6., ...,  78.,  50.,  48.],
       ...,
       [218., 218., 216., ...,  73.,  18.,  65.],
       [220., 216., 224., ...,  90.,  22.,  71.],
       [183., 225., 148., ...,  90.,  23.,  77.]]), array([[ 15.,  17.,  16., ..., 192., 127., 111.],
       [ 14.,  18.,  15., ..., 107.,  91.,  86.],
       [ 27.,  15.,  11., ...,  79.,  51.,  45.],
       ...,
       [218., 216., 216., ...,  79., 119., 124.],
       [219., 223., 224., ...,  76., 119., 123.],
       [221., 172., 141., ...,  72., 121., 124.]]), array([[238., 239., 238., ..., 157., 154., 158.],
       [237., 238., 237., ..., 108., 108., 108.],
       [236., 237., 237., ..., 132., 131., 123.],
       ...,
       [160., 162., 163., ...,  43.,  47.,  47.],
       [163., 165., 166., ...,  53.,  58.,  59.],
       [163., 165., 167., ...,  61.,  69.,  70.]]), array([[ 55., 105., 166., ..., 102.,  95.,  94.],
       [ 40.,  72., 144., ..., 108., 103.,  96.],
       [ 47.,  35.,  30., ...,  85.,  69.,  60.],
       ...,
       [ 36.,  34.,  33., ..., 134., 133., 135.],
       [ 53.,  50.,  51., ..., 139., 137., 140.],
       [ 57.,  57.,  56., ..., 144., 142., 141.]]), array([[197., 199., 200., ..., 194., 211., 206.],
       [255., 255., 255., ..., 198., 215., 207.],
       [253., 253., 253., ..., 199., 219., 203.],
       ...,
       [195., 196., 197., ..., 203., 209., 210.],
       [196., 196., 198., ...,  86.,  93., 103.],
       [196., 197., 198., ...,  92., 115., 150.]]), array([[240., 240., 240., ...,  42.,  32.,  17.],
       [239., 240., 240., ...,  40.,  30.,  18.],
       [239., 239., 240., ...,  37.,  26.,  20.],
       ...,
       [199., 199., 199., ..., 234., 234., 235.],
       [197., 197., 198., ..., 145., 156., 162.],
       [194., 195., 195., ...,  61.,  62.,  63.]]), array([[177., 177., 255., ..., 147., 124.,  85.],
       [184., 170., 255., ...,  59.,  50.,  50.],
       [193., 161., 255., ...,  15.,  13.,  31.],
       ...,
       [237., 239., 240., ...,  64.,  63.,  62.],
       [239., 241., 241., ...,  66.,  67.,  66.],
       [241., 242., 242., ...,  70.,  70.,  71.]]), array([[255., 255., 255., ..., 131., 129., 127.],
       [255., 255., 255., ...,  42.,  44.,  39.],
       [255., 255., 255., ...,  20.,  23.,  16.],
       ...,
       [149., 191., 202., ..., 248., 247., 248.],
       [ 96., 175., 192., ..., 248., 247., 248.],
       [ 58., 104., 162., ..., 246., 247., 246.]]), array([[239., 239., 238., ..., 137., 130., 125.],
       [239., 239., 238., ..., 101., 101., 101.],
       [238., 239., 238., ..., 118., 119., 113.],
       ...,
       [164., 165., 167., ...,  57.,  56.,  57.],
       [163., 164., 165., ...,  62.,  62.,  63.],
       [162., 164., 164., ...,  68.,  70.,  71.]]), array([[247., 248., 246., ...,  48.,  47.,  50.],
       [247., 251., 247., ...,  50.,  52.,  54.],
       [244., 254., 247., ...,  49.,  41.,  35.],
       ...,
       [239., 239., 239., ...,  82.,  82.,  83.],
       [239., 241., 241., ...,  92.,  93.,  95.],
       [241., 243., 244., ...,  98.,  99., 101.]]), array([[171., 173., 176., ..., 254., 255., 249.],
       [149., 148., 151., ..., 255., 224., 162.],
       [ 43.,  42.,  43., ..., 195., 136., 118.],
       ...,
       [ 81.,  79.,  81., ..., 186., 247., 255.],
       [ 87.,  88.,  85., ..., 255., 254., 252.],
       [174., 174., 174., ..., 253., 254., 254.]]), array([[ 72.,  65., 134., ..., 254., 254., 254.],
       [ 72.,  68.,  90., ..., 254., 254., 254.],
       [ 77.,  74.,  83., ..., 254., 254., 253.],
       ...,
       [194., 228., 176., ..., 255., 231.,  70.],
       [ 94., 155.,  56., ..., 255., 244.,  75.],
       [ 96.,  94.,  95., ..., 255., 243.,  81.]]), array([[ 47.,  78., 100., ...,  90.,  89.,  72.],
       [ 49.,  65.,  48., ...,  98.,  93.,  64.],
       [ 96., 111.,  41., ...,  91.,  94.,  65.],
       ...,
       [205., 207., 208., ..., 176.,  33.,  39.],
       [207., 208., 209., ...,  98.,  33.,  46.],
       [207., 207., 208., ...,  57.,  60.,  58.]]), array([[206., 185., 169., ..., 254., 254., 253.],
       [222., 210., 190., ..., 254., 253., 255.],
       [178., 175., 180., ..., 254., 255., 239.],
       ...,
       [224., 223., 223., ..., 113., 112., 107.],
       [223., 223., 223., ..., 115., 115., 111.],
       [223., 223., 224., ..., 116., 116., 112.]]), array([[ 19.,  37.,  18., ...,  88.,  90.,  96.],
       [ 37.,  38.,  17., ..., 144., 162., 173.],
       [114.,  60.,  13., ..., 199., 197., 190.],
       ...,
       [180., 160., 132., ..., 145., 146., 149.],
       [117., 154., 176., ..., 148., 147., 149.],
       [221., 218., 216., ..., 149., 151., 153.]]), array([[252., 255., 231., ...,  64.,  66.,  58.],
       [253., 255., 239., ...,  56.,  58.,  57.],
       [253., 255., 246., ...,  50.,  60.,  68.],
       ...,
       [202., 204., 206., ..., 228., 228., 229.],
       [203., 204., 206., ...,  92.,  88.,  86.],
       [204., 205., 206., ...,  81.,  98., 121.]]), array([[244., 245., 243., ..., 233., 121.,  41.],
       [244., 244., 242., ..., 204., 106.,  36.],
       [244., 244., 242., ...,  83.,  57.,  41.],
       ...,
       [226., 227., 229., ...,  32.,  32.,  34.],
       [227., 229., 230., ...,  35.,  36.,  37.],
       [229., 231., 230., ...,  44.,  45.,  45.]]), array([[254., 254., 254., ...,  24.,  25.,  22.],
       [254., 254., 254., ...,  27.,  30.,  23.],
       [254., 254., 254., ...,  34.,  32.,  24.],
       ...,
       [ 70.,  66.,  66., ..., 228., 245., 245.],
       [166., 149., 132., ..., 181., 173., 181.],
       [225., 228., 227., ..., 120., 136., 169.]]), array([[247., 247., 247., ...,  21.,  23.,  26.],
       [247., 247., 247., ...,  40.,  30.,  61.],
       [247., 247., 247., ...,  63.,  35.,  80.],
       ...,
       [203., 204., 204., ..., 170., 204., 206.],
       [204., 205., 205., ..., 240., 235., 235.],
       [205., 205., 206., ..., 223., 227., 227.]]), array([[252., 255., 216., ...,  23.,  20.,  21.],
       [253., 255., 223., ...,  30.,  33.,  61.],
       [253., 255., 232., ...,  53.,  71.,  85.],
       ...,
       [210., 210., 215., ..., 236., 237., 239.],
       [211., 212., 216., ..., 235., 237., 236.],
       [212., 213., 216., ..., 234., 235., 236.]]), array([[252., 252., 252., ...,  89.,  89.,  90.],
       [252., 252., 252., ...,  87.,  86.,  88.],
       [252., 252., 252., ...,  78.,  83.,  71.],
       ...,
       [196., 197., 198., ...,  30.,  32.,  34.],
       [196., 197., 198., ...,  34.,  37.,  39.],
       [196., 197., 198., ...,  41.,  42.,  44.]]), array([[254., 254., 254., ..., 248., 239., 236.],
       [254., 254., 254., ..., 251., 255., 218.],
       [254., 254., 254., ..., 221., 151.,  64.],
       ...,
       [223., 225., 226., ...,  37.,  40.,  40.],
       [223., 225., 227., ...,  44.,  45.,  45.],
       [223., 226., 228., ...,  52.,  51.,  52.]]), array([[255., 164., 224., ..., 241., 222., 209.],
       [255., 167., 213., ..., 231., 197., 187.],
       [255., 173., 202., ...,  75.,  63.,  67.],
       ...,
       [244., 247., 250., ...,  39.,  39.,  40.],
       [245., 247., 251., ...,  46.,  45.,  43.],
       [247., 250., 252., ...,  55.,  52.,  50.]]), array([[255., 255., 255., ...,  28.,  28.,  27.],
       [255., 255., 255., ...,  38.,  38.,  35.],
       [255., 255., 255., ...,  43.,  35.,  43.],
       ...,
       [237., 238., 238., ..., 247., 247., 250.],
       [237., 237., 237., ..., 246., 246., 246.],
       [237., 237., 237., ..., 239., 242., 243.]]), array([[255., 255., 255., ...,  37.,  61.,  67.],
       [255., 255., 255., ...,  71.,  71.,  57.],
       [255., 255., 255., ...,  81.,  63.,  47.],
       ...,
       [232., 234., 235., ...,  11.,  11.,  13.],
       [233., 234., 235., ...,  13.,  14.,  15.],
       [233., 234., 235., ...,  16.,  19.,  21.]]), array([[255., 255., 255., ...,  84.,  74.,  65.],
       [255., 255., 255., ...,  87.,  75.,  64.],
       [255., 255., 255., ...,  81.,  72.,  60.],
       ...,
       [234., 235., 236., ...,  11.,  13.,  15.],
       [234., 235., 236., ...,  16.,  19.,  21.],
       [234., 235., 236., ...,  22.,  25.,  28.]]), array([[255., 255., 255., ...,  58.,  61.,  53.],
       [255., 255., 255., ...,  57.,  47.,  33.],
       [255., 255., 255., ...,  36.,  30.,  33.],
       ...,
       [242., 242., 242., ...,  17.,  18.,  21.],
       [242., 242., 242., ...,  21.,  24.,  28.],
       [242., 242., 243., ...,  28.,  31.,  35.]]), array([[255., 255., 255., ...,   0.,   5.,  13.],
       [255., 255., 255., ...,  41.,  48.,  46.],
       [255., 255., 254., ...,  24.,  20.,  12.],
       ...,
       [231., 221., 166., ...,  10.,  14.,  16.],
       [231., 201., 139., ...,  14.,  15.,  18.],
       [228., 181., 132., ...,  19.,  19.,  20.]]), array([[209., 255., 254., ...,  11.,   5.,   3.],
       [194., 255., 254., ...,   2.,   2.,   3.],
       [181., 255., 254., ...,   4.,   4.,   3.],
       ...,
       [239., 242., 244., ...,  84.,  89.,  86.],
       [240., 242., 244., ...,  98., 103., 105.],
       [240., 243., 246., ..., 116., 117., 121.]]), array([[ 98.,  57.,  13., ..., 216., 206., 179.],
       [ 99., 118.,  87., ..., 213., 204., 170.],
       [ 90., 108., 118., ..., 211., 203., 165.],
       ...,
       [246., 254., 255., ...,  65., 106., 180.],
       [247., 246., 247., ..., 162., 193., 187.],
       [242., 243., 242., ..., 201., 190., 188.]]), array([[149., 132.,  54., ..., 198., 212., 222.],
       [147., 166.,  78., ..., 200., 213., 223.],
       [ 51., 141.,  82., ..., 200., 212., 223.],
       ...,
       [248., 249., 250., ...,  97., 107., 133.],
       [227., 218., 209., ...,  94., 109., 126.],
       [140., 133., 131., ..., 108., 122., 130.]]), array([[ 29.,  32.,  40., ..., 245., 233., 186.],
       [ 28.,  31.,  37., ..., 244., 229., 183.],
       [ 13.,  16.,  28., ..., 242., 224., 180.],
       ...,
       [ 20.,  19.,  19., ..., 182., 183., 185.],
       [ 23.,  23.,  23., ..., 185., 185., 188.],
       [ 79.,  78.,  76., ..., 186., 188., 190.]]), array([[160., 129., 116., ..., 125., 126., 131.],
       [163., 129., 120., ..., 126., 128., 134.],
       [165., 127., 121., ..., 126., 129., 135.],
       ...,
       [255., 253., 253., ..., 210., 211., 211.],
       [253., 253., 254., ..., 203., 203., 205.],
       [254., 254., 254., ..., 198., 199., 201.]]), array([[201., 141., 128., ..., 125., 126., 128.],
       [202., 146., 129., ..., 123., 124., 123.],
       [207., 150., 133., ..., 114., 116., 113.],
       ...,
       [254., 252., 252., ..., 207., 209., 210.],
       [254., 254., 254., ..., 203., 205., 203.],
       [254., 254., 254., ..., 197., 198., 199.]]), array([[131.,  74.,  60., ..., 128., 128., 127.],
       [145.,  80.,  28., ..., 127., 127., 127.],
       [143.,  85.,  11., ..., 126., 126., 127.],
       ...,
       [254., 254., 254., ..., 188., 188., 188.],
       [254., 254., 254., ..., 186., 185., 184.],
       [254., 254., 254., ..., 185., 182., 179.]]), array([[184., 118., 100., ..., 138., 137., 137.],
       [226., 147., 142., ..., 138., 136., 136.],
       [206., 142., 136., ..., 136., 134., 134.],
       ...,
       [171., 216., 206., ..., 222., 222., 222.],
       [155., 188., 216., ..., 220., 220., 220.],
       [178., 231., 255., ..., 217., 217., 217.]]), array([[199., 200., 203., ..., 130., 127., 129.],
       [192., 194., 200., ..., 128., 126., 128.],
       [185., 189., 188., ..., 129., 126., 128.],
       ...,
       [252., 255., 184., ..., 210., 211., 212.],
       [252., 255., 191., ..., 206., 208., 207.],
       [252., 255., 197., ..., 202., 202., 201.]]), array([[116., 107., 106., ..., 125., 135., 137.],
       [193., 185., 188., ..., 128., 137., 137.],
       [189., 185., 188., ..., 124., 133., 136.],
       ...,
       [254., 254., 254., ..., 203., 204., 204.],
       [254., 254., 254., ..., 201., 202., 201.],
       [254., 254., 254., ..., 199., 200., 199.]]), array([[192., 193., 182., ..., 113., 113., 114.],
       [207., 202., 190., ..., 112., 112., 114.],
       [217., 213., 200., ..., 110., 110., 112.],
       ...,
       [203., 172., 254., ..., 186., 186., 186.],
       [214., 166., 253., ..., 184., 185., 184.],
       [225., 164., 253., ..., 183., 184., 183.]]), array([[ 42.,  55.,  93., ...,  73.,  78.,  84.],
       [ 72., 102., 128., ...,  71.,  76.,  81.],
       [110., 119., 122., ...,  69.,  73.,  77.],
       ...,
       [254., 254., 254., ..., 229., 234., 236.],
       [254., 254., 254., ..., 226., 229., 230.],
       [254., 254., 254., ..., 224., 225., 225.]]), array([[ 28.,  27.,  43., ...,  94., 106., 120.],
       [ 33.,  33.,  35., ...,  94., 108., 122.],
       [ 36.,  45.,  63., ...,  94., 107., 121.],
       ...,
       [254., 254., 254., ..., 192., 190., 191.],
       [254., 254., 254., ..., 181., 184., 187.],
       [254., 254., 254., ..., 184., 185., 189.]]), array([[177., 175., 181., ..., 129., 127., 127.],
       [178., 178., 183., ..., 128., 126., 126.],
       [179., 179., 187., ..., 127., 124., 124.],
       ...,
       [253., 253., 235., ..., 208., 213., 215.],
       [252., 253., 240., ..., 203., 208., 211.],
       [252., 252., 243., ..., 200., 205., 207.]]), array([[ 48.,  68.,  65., ...,  86.,  93., 100.],
       [ 84., 125., 151., ...,  88.,  91.,  99.],
       [132., 146., 178., ...,  88.,  90.,  95.],
       ...,
       [254., 254., 254., ..., 254., 254., 254.],
       [254., 254., 254., ..., 253., 253., 254.],
       [254., 254., 254., ..., 252., 252., 252.]]), array([[129., 148., 175., ...,  94., 105., 111.],
       [126., 149., 168., ...,  92., 102., 110.],
       [135., 164., 165., ...,  90., 100., 111.],
       ...,
       [207., 203., 196., ..., 250., 251., 251.],
       [201., 202., 203., ..., 246., 247., 247.],
       [255., 255., 255., ..., 242., 243., 243.]]), array([[ 60.,  55.,  56., ..., 119., 121., 122.],
       [ 76.,  73.,  75., ..., 118., 120., 122.],
       [188., 189., 189., ..., 117., 117., 121.],
       ...,
       [253., 253., 252., ..., 213., 215., 217.],
       [254., 254., 254., ..., 210., 211., 212.],
       [253., 254., 254., ..., 207., 207., 207.]]), array([[187., 185., 175., ...,  94., 107., 120.],
       [188., 186., 179., ...,  92., 107., 122.],
       [185., 185., 180., ...,  94., 106., 122.],
       ...,
       [255., 255., 255., ..., 207., 208., 211.],
       [253., 253., 253., ..., 204., 204., 208.],
       [254., 254., 254., ..., 201., 200., 204.]]), array([[254., 254., 254., ..., 146., 147., 148.],
       [254., 254., 254., ..., 147., 149., 149.],
       [254., 254., 254., ..., 148., 151., 151.],
       ...,
       [ 27.,  29.,  28., ..., 252., 255., 254.],
       [ 23.,  25.,  26., ..., 251., 255., 254.],
       [ 21.,  21.,  23., ..., 252., 254., 254.]]), array([[254., 254., 254., ..., 177., 183., 186.],
       [254., 254., 254., ..., 176., 180., 182.],
       [254., 254., 254., ..., 168., 171., 173.],
       ...,
       [ 29.,  28.,  29., ..., 250., 248., 248.],
       [ 26.,  28.,  23., ..., 249., 248., 249.],
       [ 23.,  25.,  29., ..., 248., 246., 249.]]), array([[254., 254., 254., ..., 168., 170., 170.],
       [254., 254., 254., ..., 171., 181., 185.],
       [254., 254., 254., ..., 174., 182., 185.],
       ...,
       [ 25.,  27.,  29., ..., 250., 247., 246.],
       [ 23.,  25.,  23., ..., 249., 248., 249.],
       [ 21.,  21.,  30., ..., 248., 247., 249.]]), array([[124., 142., 158., ..., 142., 146., 146.],
       [133., 138., 160., ..., 137., 143., 146.],
       [127., 129., 152., ..., 137., 143., 146.],
       ...,
       [247., 248., 248., ..., 181., 185., 186.],
       [247., 248., 247., ..., 179., 183., 183.],
       [247., 248., 247., ..., 176., 179., 179.]]), array([[ 17.,  17.,  17., ..., 141., 153., 155.],
       [ 19.,  20.,  21., ..., 142., 155., 157.],
       [ 22.,  23.,  22., ..., 140., 152., 154.],
       ...,
       [249., 249., 249., ..., 221., 219., 216.],
       [251., 252., 251., ..., 216., 212., 205.],
       [251., 252., 251., ..., 205., 200., 193.]]), array([[ 65.,  66.,  64., ...,  84.,  90.,  94.],
       [191., 190., 189., ...,  83.,  89.,  93.],
       [209., 213., 220., ...,  80.,  84.,  87.],
       ...,
       [255., 255., 255., ..., 233., 231., 230.],
       [229., 222., 215., ..., 232., 230., 228.],
       [195., 196., 201., ..., 232., 229., 226.]]), array([[ 65.,  66.,  64., ...,  84.,  90.,  94.],
       [191., 190., 189., ...,  83.,  89.,  93.],
       [209., 213., 220., ...,  80.,  84.,  87.],
       ...,
       [255., 255., 255., ..., 233., 231., 230.],
       [229., 222., 215., ..., 232., 230., 228.],
       [195., 196., 201., ..., 232., 229., 226.]]), array([[219., 219., 217., ..., 141., 144., 145.],
       [221., 226., 230., ..., 141., 146., 146.],
       [217., 221., 223., ..., 144., 147., 148.],
       ...,
       [252., 254., 157., ..., 247., 248., 250.],
       [252., 254., 159., ..., 245., 247., 248.],
       [252., 254., 159., ..., 241., 242., 243.]]), array([[211., 210., 204., ...,  68.,  52.,  31.],
       [207., 206., 200., ...,  67.,  47.,  30.],
       [201., 199., 192., ...,  67.,  45.,  28.],
       ...,
       [227., 221., 214., ...,  90., 196., 237.],
       [198., 199., 203., ...,  92., 202., 240.],
       [255., 255., 255., ..., 102., 212., 239.]]), array([[254., 254., 254., ..., 169., 170., 170.],
       [254., 254., 254., ..., 172., 173., 173.],
       [252., 252., 252., ..., 168., 170., 172.],
       ...,
       [128., 134., 139., ..., 254., 250., 246.],
       [134., 136., 147., ..., 254., 249., 247.],
       [133., 132., 150., ..., 251., 248., 246.]]), array([[239., 241., 243., ..., 147., 148., 149.],
       [182., 181., 179., ..., 146., 149., 151.],
       [255., 255., 254., ..., 146., 150., 152.],
       ...,
       [230., 237., 230., ...,  41.,  46.,  72.],
       [232., 241., 232., ...,  41.,  48.,  74.],
       [231., 246., 233., ...,  41.,  47.,  73.]]), array([[255., 238., 194., ..., 174., 176., 175.],
       [255., 240., 188., ..., 175., 176., 177.],
       [255., 241., 178., ..., 176., 177., 178.],
       ...,
       [233., 228., 223., ..., 223., 243., 253.],
       [229., 224., 217., ..., 215., 236., 252.],
       [204., 203., 199., ..., 207., 228., 249.]]), array([[206., 215., 228., ..., 152., 155., 156.],
       [209., 197., 186., ..., 153., 156., 157.],
       [255., 255., 255., ..., 154., 157., 158.],
       ...,
       [206., 195., 203., ..., 254., 255., 255.],
       [210., 207., 217., ..., 255., 255., 255.],
       [212., 208., 216., ..., 255., 255., 255.]]), array([[254., 254., 254., ..., 162., 164., 166.],
       [254., 254., 254., ..., 163., 166., 168.],
       [254., 254., 254., ..., 164., 168., 173.],
       ...,
       [231., 219., 208., ..., 254., 254., 254.],
       [213., 199., 194., ..., 254., 254., 254.],
       [221., 203., 195., ..., 254., 254., 254.]]), array([[254., 253., 255., ..., 157., 159., 159.],
       [254., 253., 255., ..., 159., 160., 161.],
       [254., 252., 255., ..., 160., 162., 163.],
       ...,
       [203., 210., 213., ..., 254., 251., 251.],
       [210., 214., 214., ..., 253., 251., 251.],
       [217., 217., 214., ..., 254., 252., 252.]]), array([[254., 253., 255., ..., 165., 166., 168.],
       [254., 253., 255., ..., 166., 168., 169.],
       [254., 253., 255., ..., 168., 169., 171.],
       ...,
       [207., 210., 212., ..., 253., 251., 252.],
       [215., 212., 211., ..., 253., 251., 251.],
       [203., 197., 194., ..., 254., 252., 252.]]), array([[186., 110., 122., ..., 176., 178., 181.],
       [248., 164., 103., ..., 176., 179., 182.],
       [253., 244., 170., ..., 176., 180., 184.],
       ...,
       [219., 173., 177., ..., 244., 244., 246.],
       [220., 173., 175., ..., 241., 242., 243.],
       [221., 175., 174., ..., 236., 239., 241.]]), array([[237., 255., 253., ..., 152., 150., 151.],
       [239., 255., 254., ..., 132., 155., 153.],
       [241., 255., 255., ...,  77., 141., 155.],
       ...,
       [238., 237., 242., ..., 196., 159., 163.],
       [237., 235., 241., ..., 201., 159., 149.],
       [228., 228., 236., ..., 200., 152., 136.]]), array([[160., 158., 164., ..., 154., 157., 158.],
       [251., 242., 227., ..., 152., 157., 158.],
       [254., 254., 254., ..., 153., 158., 160.],
       ...,
       [217., 222., 167., ..., 248., 246., 247.],
       [212., 224., 169., ..., 248., 248., 249.],
       [214., 222., 171., ..., 248., 245., 248.]]), array([[215., 110.,  73., ..., 157., 159., 161.],
       [165., 117.,  66., ..., 157., 160., 161.],
       [210., 188.,  89., ..., 159., 161., 163.],
       ...,
       [198., 207., 208., ..., 237., 240., 246.],
       [184., 186., 188., ..., 236., 236., 238.],
       [194., 205., 213., ..., 234., 233., 234.]]), array([[254., 254., 254., ..., 163., 168., 171.],
       [254., 254., 254., ..., 165., 167., 172.],
       [254., 254., 254., ..., 164., 168., 173.],
       ...,
       [192., 192., 232., ...,  86., 102., 108.],
       [174., 192., 241., ...,  85., 101., 107.],
       [140., 169., 251., ...,  84., 100., 105.]]), array([[254., 254., 254., ..., 164., 165., 167.],
       [254., 254., 254., ..., 167., 167., 170.],
       [254., 254., 254., ..., 168., 169., 175.],
       ...,
       [137., 231., 251., ..., 249., 248., 249.],
       [145., 237., 249., ..., 247., 246., 248.],
       [151., 242., 249., ..., 241., 240., 243.]]), array([[254., 254., 254., ..., 164., 165., 167.],
       [254., 254., 254., ..., 167., 167., 170.],
       [254., 254., 254., ..., 168., 169., 175.],
       ...,
       [137., 231., 251., ..., 249., 248., 249.],
       [145., 237., 249., ..., 247., 246., 248.],
       [151., 242., 249., ..., 241., 240., 243.]]), array([[219., 175., 255., ..., 166., 168., 169.],
       [221., 170., 255., ..., 171., 173., 172.],
       [224., 166., 255., ..., 179., 178., 177.],
       ...,
       [251., 252., 250., ..., 207., 205., 206.],
       [253., 252., 253., ..., 201., 199., 202.],
       [254., 254., 252., ..., 195., 193., 198.]]), array([[219., 175., 255., ..., 166., 168., 169.],
       [221., 170., 255., ..., 171., 173., 172.],
       [224., 166., 255., ..., 179., 178., 177.],
       ...,
       [251., 252., 250., ..., 207., 205., 206.],
       [253., 252., 253., ..., 201., 199., 202.],
       [254., 254., 252., ..., 195., 193., 198.]]), array([[254., 253., 255., ..., 173., 177., 180.],
       [254., 253., 255., ..., 176., 179., 181.],
       [254., 253., 255., ..., 178., 180., 182.],
       ...,
       [254., 247., 245., ..., 226., 223., 226.],
       [254., 249., 248., ..., 220., 218., 221.],
       [254., 252., 250., ..., 213., 214., 216.]]), array([[254., 253., 255., ..., 173., 177., 180.],
       [254., 253., 255., ..., 176., 179., 181.],
       [254., 253., 255., ..., 178., 180., 182.],
       ...,
       [254., 247., 245., ..., 226., 223., 226.],
       [254., 249., 248., ..., 220., 218., 221.],
       [254., 252., 250., ..., 213., 214., 216.]]), array([[253., 255., 173., ..., 171., 175., 175.],
       [253., 255., 172., ..., 170., 173., 174.],
       [253., 255., 169., ..., 171., 173., 175.],
       ...,
       [244., 252., 231., ..., 224., 217., 214.],
       [248., 252., 238., ..., 219., 208., 210.],
       [253., 252., 248., ..., 214., 203., 209.]]), array([[253., 255., 173., ..., 171., 175., 175.],
       [253., 255., 172., ..., 170., 173., 174.],
       [253., 255., 169., ..., 171., 173., 175.],
       ...,
       [244., 252., 231., ..., 224., 217., 214.],
       [248., 252., 238., ..., 219., 208., 210.],
       [253., 252., 248., ..., 214., 203., 209.]]), array([[253., 254., 253., ..., 154., 154., 151.],
       [240., 240., 242., ..., 153., 154., 148.],
       [227., 229., 228., ..., 152., 152., 146.],
       ...,
       [243., 231., 217., ..., 222., 223., 225.],
       [180., 184., 189., ..., 220., 219., 221.],
       [246., 255., 255., ..., 218., 218., 219.]]), array([[253., 254., 253., ..., 154., 154., 151.],
       [240., 240., 242., ..., 153., 154., 148.],
       [227., 229., 228., ..., 152., 152., 146.],
       ...,
       [243., 231., 217., ..., 222., 223., 225.],
       [180., 184., 189., ..., 220., 219., 221.],
       [246., 255., 255., ..., 218., 218., 219.]]), array([[238., 235., 232., ..., 137., 143., 144.],
       [213., 215., 219., ..., 137., 143., 144.],
       [208., 214., 219., ..., 137., 143., 145.],
       ...,
       [209., 215., 222., ..., 210., 212., 213.],
       [255., 255., 255., ..., 208., 210., 210.],
       [252., 253., 253., ..., 207., 207., 208.]]), array([[210., 211., 210., ..., 122., 139., 146.],
       [205., 209., 209., ..., 124., 140., 142.],
       [194., 196., 196., ..., 123., 134., 137.],
       ...,
       [248., 249., 248., ..., 203., 203., 203.],
       [249., 250., 249., ..., 202., 203., 202.],
       [250., 250., 250., ..., 202., 201., 202.]]), array([[224., 226., 223., ..., 146., 145., 143.],
       [228., 228., 231., ..., 143., 141., 136.],
       [225., 230., 237., ..., 135., 132., 130.],
       ...,
       [224., 163., 251., ..., 222., 225., 227.],
       [229., 160., 248., ..., 217., 219., 221.],
       [233., 158., 246., ..., 215., 216., 217.]]), array([[251., 250., 247., ..., 128., 143., 151.],
       [251., 249., 248., ..., 128., 142., 151.],
       [247., 251., 254., ..., 128., 144., 154.],
       ...,
       [173., 252., 254., ..., 243., 245., 246.],
       [174., 250., 254., ..., 240., 242., 241.],
       [175., 247., 255., ..., 237., 237., 238.]]), array([[216., 229., 230., ..., 132., 129., 129.],
       [215., 231., 232., ..., 134., 130., 128.],
       [212., 234., 234., ..., 131., 127., 125.],
       ...,
       [173., 142., 164., ..., 216., 217., 218.],
       [251., 168., 221., ..., 213., 214., 213.],
       [252., 172., 210., ..., 210., 210., 209.]]), array([[243., 240., 235., ...,  65.,  74.,  79.],
       [234., 234., 230., ...,  64.,  76.,  81.],
       [228., 228., 224., ...,  62.,  76.,  82.],
       ...,
       [255., 255., 255., ..., 223., 225., 224.],
       [212., 204., 194., ..., 222., 222., 221.],
       [194., 202., 206., ..., 219., 220., 220.]]), array([[243., 240., 235., ...,  65.,  74.,  79.],
       [234., 234., 230., ...,  64.,  76.,  81.],
       [228., 228., 224., ...,  62.,  76.,  82.],
       ...,
       [255., 255., 255., ..., 223., 225., 224.],
       [212., 204., 194., ..., 222., 222., 221.],
       [194., 202., 206., ..., 219., 220., 220.]]), array([[247., 233., 220., ..., 146., 149., 148.],
       [236., 227., 219., ..., 147., 144., 143.],
       [237., 225., 220., ..., 144., 140., 140.],
       ...,
       [253., 172., 223., ..., 254., 254., 254.],
       [254., 173., 219., ..., 252., 252., 253.],
       [254., 176., 218., ..., 251., 251., 252.]]), array([[247., 233., 220., ..., 146., 149., 148.],
       [236., 227., 219., ..., 147., 144., 143.],
       [237., 225., 220., ..., 144., 140., 140.],
       ...,
       [253., 172., 223., ..., 254., 254., 254.],
       [254., 173., 219., ..., 252., 252., 253.],
       [254., 176., 218., ..., 251., 251., 252.]]), array([[247., 247., 248., ..., 132., 132., 129.],
       [230., 231., 234., ..., 129., 129., 127.],
       [221., 216., 221., ..., 125., 121., 121.],
       ...,
       [183., 200., 255., ..., 206., 207., 210.],
       [191., 188., 253., ..., 201., 201., 206.],
       [200., 183., 254., ..., 201., 202., 206.]]), array([[247., 247., 248., ..., 132., 132., 129.],
       [230., 231., 234., ..., 129., 129., 127.],
       [221., 216., 221., ..., 125., 121., 121.],
       ...,
       [183., 200., 255., ..., 206., 207., 210.],
       [191., 188., 253., ..., 201., 201., 206.],
       [200., 183., 254., ..., 201., 202., 206.]]), array([[209., 208., 211., ...,  79.,  93.,  96.],
       [215., 212., 211., ...,  78.,  90.,  94.],
       [223., 225., 227., ...,  77.,  88.,  95.],
       ...,
       [204., 196., 255., ..., 223., 223., 224.],
       [210., 194., 255., ..., 220., 220., 221.],
       [216., 192., 255., ..., 218., 217., 217.]]), array([[209., 208., 211., ...,  79.,  93.,  96.],
       [215., 212., 211., ...,  78.,  90.,  94.],
       [223., 225., 227., ...,  77.,  88.,  95.],
       ...,
       [204., 196., 255., ..., 223., 223., 224.],
       [210., 194., 255., ..., 220., 220., 221.],
       [216., 192., 255., ..., 218., 217., 217.]]), array([[211., 219., 220., ..., 125., 135., 138.],
       [203., 207., 211., ..., 122., 132., 134.],
       [196., 198., 201., ..., 120., 130., 131.],
       ...,
       [252., 253., 253., ..., 199., 201., 202.],
       [252., 253., 253., ..., 198., 200., 199.],
       [252., 253., 253., ..., 197., 199., 199.]]), array([[211., 219., 220., ..., 125., 135., 138.],
       [203., 207., 211., ..., 122., 132., 134.],
       [196., 198., 201., ..., 120., 130., 131.],
       ...,
       [252., 253., 253., ..., 199., 201., 202.],
       [252., 253., 253., ..., 198., 200., 199.],
       [252., 253., 253., ..., 197., 199., 199.]]), array([[149., 212., 239., ..., 153., 152., 146.],
       [148., 187., 214., ..., 149., 149., 144.],
       [146., 187., 229., ..., 147., 146., 143.],
       ...,
       [252., 252., 253., ..., 214., 216., 218.],
       [252., 252., 253., ..., 211., 212., 213.],
       [252., 252., 251., ..., 207., 209., 209.]]), array([[149., 212., 239., ..., 153., 152., 146.],
       [148., 187., 214., ..., 149., 149., 144.],
       [146., 187., 229., ..., 147., 146., 143.],
       ...,
       [252., 252., 253., ..., 214., 216., 218.],
       [252., 252., 253., ..., 211., 212., 213.],
       [252., 252., 251., ..., 207., 209., 209.]])]